3.000000000000000000e+00 1.256637061435917246e+01
5.004301611600176614e+00 7.068583470577034511e+00
8.347678206621372610e+00 4.917275457792720239e+00
1.392476650083833789e+01 3.769911184307751739e+00
2.322791048043380613e+01 3.056684744033312473e+00
3.874648995044651656e+01 2.570393989300739701e+00
6.463304070095648513e+01 2.217594814298677441e+00
1.078144099141388068e+02 1.949954060848837045e+00
1.798452750956823252e+02 1.739959008142039298e+00
3.000000000000001137e+02 1.570796326794896558e+00
